,12
,100
,72
,79
,71
,115
,106
,41
,85
,56
,1
,7
,14
,68
,26
,117
,16
,31
,26
,28
,34
,18
,2
,21
,70
,66
,75
,121
,56
,39
,6
,112
,8
,75
,48
,115
,70
,63
,106
,6
,8
,115
,80
,21
,19
,124
,2
,40
,70
,10
,124
,124
,125
,72
,73
,118
,15
,126
,110
,118
,81
,33
,111
,25
,111
,65
,77
,95
,51
,10
,79
,111
,104
,22
,129
,48
,101
,105
,62
,33
,95
,62
,92
,28
,47
,49
,32
,25
,85
,120
,107
,42
,84
,123
,115
,79
,39
,45
,30
,111
,88
,38
,79
,35
,21
,22
,31
,6
,118
,96
,30
,37
,43
,6
,48
,5
,110
,65
,37
,36
,10
,98
,18
,33
,103
,93
,67
,3
,118
,124
,16
,128
,79
,5
,80
,35
,79
,98
,6
,44
,105
,119
,8
,33
,121
,12
,55
,50
,51
,18
,35
,8
,53
,45
,22
,116
,62
,113
,9
,52
,110
,65
,129
,86
,5
,50
,126
,113
,71
,82
,2
,3
,66
,41
,128
,69
